"GEOID","VALUE","totalpop","HEALTHDIST","pct","CI_lower","CI_upper"
16001,17757,378878,104,0.046867329325007,0.0459828673490359,0.0477517913009781
16003,379,3655,103,0.103693570451436,0.090704515349317,0.116682625553556
16005,4566,68056,106,0.0670918067473845,0.0646215729066474,0.0695620405881216
16007,390,4763,106,0.0818811673315138,0.071647807401504,0.0921145272615235
16009,681,7510,101,0.0906790945406125,0.0821439813226596,0.0992142077585655
16011,2522,34455,106,0.0731969235234364,0.0695825660822623,0.0768112809646104
16013,1234,18783,105,0.0656977053718788,0.0610412718330788,0.0703541389106789
16015,436,6708,104,0.0649970184853906,0.0572439473596891,0.072750089611092
16017,3460,37495,101,0.0922789705294039,0.088428994996298,0.0961289460625099
16019,5000,86820,107,0.0575904169546188,0.0555538338007087,0.0596270001085288
16021,803,9857,101,0.0814649487673734,0.0743678971733533,0.0885620003613936
16023,183,2095,106,0.0873508353221957,0.0714613244879696,0.103240346156422
16025,53,857,105,0.0618436406067678,0.0406496954653601,0.0830375857481755
16027,15959,171132,103,0.093255498679382,0.0914448626571475,0.0950661347016165
16029,423,5449,106,0.0776289227381171,0.0682915801472473,0.0869662653289869
16031,1014,17605,105,0.0575972735018461,0.0530743598704374,0.0621201871332548
16033,44,707,107,0.0622347949080622,0.038831820304719,0.0856377695114054
16035,752,7619,102,0.0987006168788555,0.0898989979174153,0.107502235840296
16037,304,3591,107,0.0846560846560847,0.072690591140937,0.0966215781712323
16039,981,21229,104,0.0462103726035141,0.042498882184553,0.0499218630224751
16041,742,10225,106,0.0725672371638142,0.0659588278825533,0.079175646445075
16043,705,10451,107,0.0674576595541097,0.0611380816784979,0.0737772374297214
16045,1448,14405,103,0.100520652551198,0.0940673251955365,0.106973979906859
16047,737,11871,105,0.0620840704237217,0.0563792040734738,0.0677889367739696
16049,1428,13883,102,0.10285961247569,0.09621869530129,0.109500529650089
16051,1209,21131,107,0.0572145189531967,0.0530990756509903,0.0613299622554031
16053,1035,17812,105,0.0581068942286099,0.0535917110193677,0.0626220774378522
16055,9897,131153,101,0.075461483915732,0.073582802497515,0.0773401653339491
16057,2309,33871,102,0.068170411266275,0.0646428929658352,0.0716979295667148
16059,587,6771,107,0.0866932506276769,0.0778849597098067,0.095501541545547
16061,330,3128,102,0.105498721227621,0.0913506320683374,0.119646810386906
16063,228,4049,105,0.0563102000493949,0.0469787022759858,0.065641697822804
16065,1016,30694,107,0.0331009317781977,0.0304706576352277,0.0357312059211677
16067,988,15804,105,0.0625158187800557,0.0575554895235264,0.067476148036585
16069,2841,33359,102,0.0851644233939866,0.0812279148738851,0.0891009319140881
16071,265,3381,106,0.0783791777580597,0.0664730377596569,0.0902853177564626
16073,1066,9241,103,0.115355481008549,0.106795730484929,0.123915231532168
16075,1814,18510,103,0.0980010804970286,0.0923720667298217,0.103630094264236
16077,458,5655,106,0.0809902740937224,0.0716453180458934,0.0903352301415514
16079,1001,10610,101,0.0943449575871819,0.0870352477262821,0.101654667448082
16081,534,9343,107,0.0571550893717221,0.050968924509773,0.0633412542336713
16083,3809,66293,105,0.057457046747017,0.0551289261747615,0.0597851673192726
16085,544,9528,104,0.0570948782535684,0.0509720965133999,0.063217659993737
16087,869,8174,103,0.106312698801077,0.0975308667352186,0.115094530866935
