"GEOID","VALUE","totalpop","HEALTHDIST","pct","CI_lower","CI_upper"
16001,273,378878,104,0.000720548567084919,0.000608258202117401,0.000832838932052437
16003,35,3655,103,0.00957592339261286,0.00542662836994182,0.0137252184152839
16005,348,68056,106,0.00511343599388739,0.00440918565502882,0.00581768633274596
16007,24,4763,106,0.00503884106655469,0.00239615738773186,0.00768152474537753
16009,127,7510,101,0.0169107856191744,0.0130783446977177,0.0207432265406312
16011,199,34455,106,0.0057756493977652,0.00472409059959791,0.0068272081959325
16013,84,18783,105,0.00447212905286695,0.00321806859079296,0.00572618951494094
16015,4,6708,104,0.000596302921884317,-0.000171455337434853,0.00136406118120349
16017,508,37495,101,0.0135484731297506,0.0120106249870658,0.0150863212724355
16019,642,86820,107,0.00739460953697305,0.00664565901672197,0.00814356005722412
16021,127,9857,101,0.0128842446991985,0.00995835314469246,0.0158101362537046
16023,14,2095,106,0.00668257756563246,0.00209755902092024,0.0112675961103447
16025,5,857,105,0.0058343057176196,-0.000866864447204717,0.0125354758824439
16027,1254,171132,103,0.00732767688100414,0.00679662423314341,0.00785872952886486
16029,34,5449,106,0.00623967700495504,0.00349190587175675,0.00898744813815333
16031,81,17605,105,0.00460096563476285,0.003287187083921,0.0059147441856047
16033,9,707,107,0.0127298444130127,0.00186966687687479,0.0235900219491507
16035,48,7619,102,0.00630003937524609,0.0039651443438539,0.00863493440663829
16037,38,3591,107,0.0105820105820106,0.00618372551516905,0.0149802956488521
16039,18,21229,104,0.000847896745018607,0.00033333250830982,0.00136246098172739
16041,54,10225,106,0.00528117359413203,0.0034348797927281,0.00712746739553596
16043,98,10451,107,0.00937709310113865,0.00694865827294402,0.0118055279293333
16045,120,14405,103,0.00833044081916001,0.00637979720175801,0.010281084436562
16047,57,11871,105,0.00480161738690927,0.00316735406749153,0.00643588070632702
16049,87,13883,102,0.00626665706259454,0.00454150129979501,0.00799181282539407
16051,159,21131,107,0.00752449008565615,0.00599320697940768,0.00905577319190461
16053,95,17812,105,0.00533348304513811,0.00392774323169099,0.00673922285858523
16055,1432,131153,101,0.0109185455155429,0.0101794060546244,0.0116576849764615
16057,117,33871,102,0.00345428242449293,0.0026331170940291,0.00427544775495676
16059,58,6771,107,0.0085659429921725,0.00568117972575403,0.011450706258591
16061,16,3128,102,0.0051150895140665,0.00182962524436201,0.00840055378377098
16063,21,4049,105,0.00518646579402322,0.00227876447989386,0.00809416710815257
16065,170,30694,107,0.00553854173454095,0.00444739783343824,0.00662968563564367
16067,85,15804,105,0.00537838521893192,0.00387977576536961,0.00687699467249423
16069,162,33359,102,0.00485626067927696,0.00387585804150285,0.00583666331705106
16071,21,3381,106,0.0062111801242236,0.00273078453581163,0.00969157571263557
16073,72,9241,103,0.00779136457093388,0.00543541571256561,0.0101473134293022
16075,150,18510,103,0.00810372771474878,0.00640630730660085,0.00980114812289672
16077,46,5655,106,0.00813439434129089,0.00505766139880258,0.0112111272837792
16079,185,10610,101,0.0174363807728558,0.0141632157642637,0.0207095457814479
16081,58,9343,107,0.00620785614898855,0.00411474395826891,0.00830096833970819
16083,300,66293,105,0.00452536466896957,0.00385389695810673,0.00519683237983242
16085,8,9528,104,0.000839630562552477,7.53058096911198e-05,0.00160395531541383
16087,75,8174,103,0.00917543430389038,0.00645892334937754,0.0118919452584032
